[0, 48, 73, 129]
[0, 49, 74, 129]
[0, 50, 73, 129]
[0, 50, 74, 129]
[0, 50, 75, 129]
[0, 50, 76, 129]
[0, 51, 73, 129]
[0, 51, 74, 129]
[0, 51, 75, 129]
[0, 51, 76, 129]
[0, 52, 73, 129]
[0, 52, 74, 129]
[0, 52, 75, 129]
[0, 52, 76, 129]
[0, 52, 77, 129]
[0, 52, 78, 129]
[0, 53, 73, 129]
[0, 53, 74, 129]
[0, 53, 75, 129]
[0, 53, 76, 129]
[0, 53, 77, 129]
[0, 53, 78, 129]
[0, 53, 80, 129]
[0, 54, 73, 129]
[0, 54, 74, 129]
[0, 54, 75, 129]
[0, 54, 76, 129]
[0, 54, 77, 129]
[0, 54, 78, 129]
[0, 54, 80, 129]
[0, 55, 73, 129]
[0, 55, 74, 129]
[0, 55, 75, 129]
[0, 55, 76, 129]
[0, 55, 77, 129]
[0, 55, 78, 129]
[0, 55, 80, 129]
[0, 56, 73, 129]
[0, 56, 74, 129]
[0, 56, 75, 129]
[0, 56, 76, 129]
[0, 56, 77, 129]
[0, 56, 78, 129]
[0, 56, 79, 129]
[0, 56, 80, 129]
[0, 56, 81, 129]
[0, 57, 73, 129]
[0, 57, 74, 129]
[0, 57, 75, 129]
[0, 57, 76, 129]
[0, 57, 77, 129]
[0, 57, 78, 129]
[0, 57, 79, 129]
[0, 57, 80, 129]
[0, 57, 81, 129]
[0, 58, 73, 129]
[0, 58, 74, 129]
[0, 58, 75, 129]
[0, 58, 76, 129]
[0, 58, 77, 129]
[0, 58, 78, 129]
[0, 58, 79, 129]
[0, 58, 80, 129]
[0, 58, 81, 129]
[0, 59, 73, 129]
[0, 59, 74, 129]
[0, 59, 75, 129]
[0, 59, 76, 129]
[0, 59, 77, 129]
[0, 59, 78, 129]
[0, 59, 79, 129]
[0, 59, 80, 129]
[0, 59, 81, 129]
[0, 59, 82, 129]
[0, 59, 83, 129]
[0, 59, 84, 129]
[0, 59, 85, 129]
[0, 59, 86, 129]
[0, 59, 87, 129]
[0, 60, 73, 129]
[0, 60, 74, 129]
[0, 60, 75, 129]
[0, 60, 76, 129]
[0, 60, 77, 129]
[0, 60, 78, 129]
[0, 60, 79, 129]
[0, 60, 80, 129]
[0, 60, 81, 129]
[0, 60, 82, 129]
[0, 60, 83, 129]
[0, 60, 84, 129]
[0, 60, 85, 129]
[0, 60, 86, 129]
[0, 60, 87, 129]
[0, 60, 88, 129]
[0, 60, 89, 129]
[0, 60, 90, 129]
[0, 60, 91, 129]
[0, 60, 92, 129]
[0, 60, 93, 129]
[0, 61, 73, 129]
[0, 61, 74, 129]
[0, 61, 75, 129]
[0, 61, 76, 129]
[0, 61, 77, 129]
[0, 61, 78, 129]
[0, 61, 79, 129]
[0, 61, 80, 129]
[0, 61, 81, 129]
[0, 61, 82, 129]
[0, 61, 83, 129]
[0, 61, 84, 129]
[0, 61, 85, 129]
[0, 61, 86, 129]
[0, 61, 87, 129]
[0, 61, 89, 129]
[0, 62, 73, 129]
[0, 62, 74, 129]
[0, 62, 75, 129]
[0, 62, 76, 129]
[0, 62, 77, 129]
[0, 62, 78, 129]
[0, 62, 79, 129]
[0, 62, 80, 129]
[0, 62, 81, 129]
[0, 62, 82, 129]
[0, 62, 83, 129]
[0, 62, 84, 129]
[0, 62, 85, 129]
[0, 62, 86, 129]
[0, 62, 87, 129]
[0, 62, 88, 129]
[0, 62, 89, 129]
[0, 62, 90, 129]
[0, 62, 92, 129]
[0, 63, 73, 129]
[0, 63, 74, 129]
[0, 63, 75, 129]
[0, 63, 76, 129]
[0, 63, 77, 129]
[0, 63, 78, 129]
[0, 63, 79, 129]
[0, 63, 80, 129]
[0, 63, 81, 129]
[0, 63, 82, 129]
[0, 63, 83, 129]
[0, 63, 84, 129]
[0, 63, 85, 129]
[0, 63, 86, 129]
[0, 63, 87, 129]
[0, 63, 88, 129]
[0, 63, 89, 129]
[0, 63, 90, 129]
[0, 63, 91, 129]
[0, 63, 92, 129]
[0, 63, 93, 129]
[0, 63, 94, 129]
[0, 63, 95, 129]
[0, 63, 96, 129]
[0, 63, 97, 129]
[0, 63, 98, 129]
[0, 64, 73, 129]
[0, 64, 74, 129]
[0, 64, 75, 129]
[0, 64, 76, 129]
[0, 64, 77, 129]
[0, 64, 78, 129]
[0, 64, 79, 129]
[0, 64, 80, 129]
[0, 64, 81, 129]
[0, 64, 82, 129]
[0, 64, 83, 129]
[0, 64, 84, 129]
[0, 64, 85, 129]
[0, 64, 86, 129]
[0, 64, 87, 129]
[0, 64, 88, 129]
[0, 64, 89, 129]
[0, 64, 90, 129]
[0, 64, 91, 129]
[0, 64, 92, 129]
[0, 64, 93, 129]
[0, 64, 94, 129]
[0, 64, 95, 129]
[0, 64, 96, 129]
[0, 64, 97, 129]
[0, 64, 98, 129]
[0, 65, 73, 129]
[0, 65, 74, 129]
[0, 65, 75, 129]
[0, 65, 76, 129]
[0, 65, 77, 129]
[0, 65, 78, 129]
[0, 65, 79, 129]
[0, 65, 80, 129]
[0, 65, 81, 129]
[0, 65, 82, 129]
[0, 65, 83, 129]
[0, 65, 84, 129]
[0, 65, 85, 129]
[0, 65, 86, 129]
[0, 65, 87, 129]
[0, 65, 88, 129]
[0, 65, 89, 129]
[0, 65, 90, 129]
[0, 65, 91, 129]
[0, 65, 92, 129]
[0, 65, 93, 129]
[0, 65, 94, 129]
[0, 65, 95, 129]
[0, 65, 96, 129]
[0, 65, 97, 129]
[0, 65, 98, 129]
